GENERATORS REPORT
========================================================================== 
   ID     BUS     P_g (MW)  Q_g (MVAr)   S_g (MVA)   Loading_P   Loading_Q 
-------------------------------------------------------------------------- 
    1     30      900.00        0.00      900.00      0.8650      0.0000   
    2     31      646.00        0.00      646.00      1.0000      0.0000   
    3     32      725.00        0.00      725.00      1.0000      0.0000   
    4     33      216.30        0.00      216.30      0.3320      0.0000   
    5     34      508.00        0.00      508.00      1.0000      0.0000   
    6     35      687.00        0.00      687.00      1.0000      0.0000   
    7     36      580.00        0.00      580.00      1.0000      0.0000   
    8     37       26.93        0.00       26.93      0.0480      0.0000   
    9     38      865.00        0.00      865.00      1.0000      0.0000   
   10     39     1100.00        0.00     1100.00      1.0000      0.0000   
-------------------------------------------------------------------------- 
 TOTAL:         6254.2300     0.0000   6254.2300
========================================================================== 
